13243351235.1465
16371439.7280748
12978931760.8188
198785054.579231
16371439.7280748
16470540.4390084
32841999.7066228
12929668761.2588
16520061.4262171
149323912.274997
16470540.4390084
16420999.8533114
12913198220.8198
16569562.7560117
16569562.7560117
16520061.4262171
83144663.910539
16470540.4390084
12863737078.5156
16520061.4262171
16619044.3694901
49956056.7850372
12697546733.6378
149670283.451588
33337012.4155471
12664457109.4556
16569562.7560117
133100720.695576
16668506.2077735
12647937048.0293
116531157.939564
16520061.4262171
12565138755.2954
49758169.8815135
16619044.3694901
33337012.4155471
16668506.2077735
16619044.3694901
16668506.2077735
12515331103.8004
33238088.7389802
33188607.1255018
16668506.2077735
12498761541.0444
16619044.3694901
16619044.3694901
12415517933.6821
16619044.3694901
50005518.6233206
100208765.536642
16668506.2077735
12265353111.3604
16668506.2077735
33337012.4155471
83589721.1671521
12248684605.1526
16668506.2077735
33485318.535365
33435896.4240136
16767370.3233582
12081258012.4758
33435896.4240136
100505377.717446
16767370.3233582
16717948.2120068
203035341.218253
11861455300.9342
16717948.2120068
83738007.3940882
16816772.4830199
16866154.6322076
152535641.620005
11844638528.4512
16717948.2120068
50252688.8587232
33880375.3763043
101789111.611493
16866154.6322076
33633544.9660398
11777322056.3699
16717948.2120068
16767370.3233582
16964858.6641434
50993219.5230283
33880375.3763043
16816772.4830199
11743589747.1055
16866154.6322076
34028360.8588849
16964858.6641434
16964858.6641434
11709709371.7292
17014180.4294424
6500518792.36571
16915516.7121609
5175359545.93916
6466539753.27213
17014180.4294424
16915516.7121609
5141479170.56285
6449525572.84268
205254493.796596
102430152.608071
16964858.6641434
4799864806.8299
6432511392.41324
188240313.367154
85415972.1786286
4782850626.40046
17063481.9493695
85711598.385942
6312672830.12856
137000586.303155
17112763.1652601
17063481.9493695
34225526.3305201
34126963.8987389
16964858.6641434
1306870050.50133
3442001536.80554
17112763.1652601
51486072.0554218
6295560066.9633
34176245.1146295
85760859.2391558
17112763.1652601
17063481.9493695
1289855870.07189
34225526.3305201
85859340.102998
34126963.8987389
3270726224.52391
34324048.0369479
5985117693.88252
293280349.062304
17112763.1652601
68648096.0738958
1272841689.64245
17112763.1652601
68746576.9377379
17063481.9493695
51535312.4873429
205796505.662046
2996281643.20926
17162024.0184739
5967906429.43213
34422528.90079
241695796.14304
51486072.0554218
1238764027.26364
17063481.9493695
17162024.0184739
34422528.90079
17162024.0184739
17211264.450395
188683742.496786
2979119619.19079
120823308.60467
69238714.6670694
69287893.483659
5691345248.22633
17211264.450395
224533772.124566
34324048.0369479
1221749846.83419
17211264.450395
17162024.0184739
17112763.1652601
137296192.147792
17211264.450395
51781453.2072946
51633793.351185
2841281843.73152
34422528.90079
69189515.2534848
51978230.2646378
52027409.0812275
4239066027.07521
1417709052.93267
17309683.8160161
207322507.674171
17162024.0184739
68352490.2292591
1136383176.17549
120134168.129318
34520968.804863
34422528.90079
505618346.110981
17309683.8160161
2301093329.40209
17211264.450395
51929030.8510533
17309683.8160161
17358862.6326057
17358862.6326057
17358862.6326057
17309683.8160161
4204446659.44318
1400448568.53024
190111243.223776
51289008.2798896
1119368995.74605
102972144.110844
17260484.4024315
17211264.450395
51978230.2646378
436330432.030327
34668546.4486218
2249164298.55104
34668546.4486218
4169728934.17797
17358862.6326057
34520968.804863
1348667115.32295
17211264.450395
155688714.322986
17112763.1652601
17112763.1652601
17063481.9493695
17014180.4294424
1068277152.93779
85810120.0923697
17309683.8160161
17358862.6326057
17408020.793682
86941787.6462573
314621760.957782
17358862.6326057
226107575.590033
206830493.116959
1798965745.44161
17358862.6326057
87138378.8625479
17457158.240751
4030317355.4873
17408020.793682
17260484.4024315
191389829.610814
1139967601.89612
17260484.4024315
17309683.8160161
103858061.702107
34225526.3305201
1016988144.6579
68648096.0738958
17358862.6326057
52224062.3810459
297213740.1641
208797891.774017
17211264.450395
172358744.264133
1781656061.6256
34816041.5873639
34914316.481502
70074195.5050459
2900839859.13273
17457158.240751
1024488984.36802
17358862.6326057
156721283.162192
17358862.6326057
17309683.8160161
1087989371.63148
17260484.4024315
17260484.4024315
52027409.0812275
17112763.1652601
17063481.9493695
982861180.759166
51486072.0554218
34816041.5873639
279756581.923349
191439029.141411
17211264.450395
68845057.80158
69041937.6097261
1764346377.80958
17408020.793682
17457158.240751
35012549.8306872
17555370.7590152
2865778213.45837
17555370.7590152
1006982709.45268
87089220.7014716
52273199.8281149
1070630508.99888
34717725.2652114
17063481.9493695
948684935.644536
34324048.0369479
17408020.793682
262299423.682598
174080166.508805
51633793.351185
51781453.2072946
1747036693.99356
17506274.9153436
2848222842.69936
17555370.7590152
971921063.778322
17358862.6326057
52322337.275184
17457158.240751
17408020.793682
1053271646.36627
17358862.6326057
931572172.479276
17162024.0184739
17506274.9153436
227335990.526504
17408020.793682
34717725.2652114
104546399.65623
34422528.90079
34520968.804863
1729727010.17755
2246876682.60615
583790789.334193
901945080.79154
52469708.0714381
17457158.240751
17457158.240751
17408020.793682
17457158.240751
122642095.263827
860899193.033576
17457158.240751
914459409.314016
192421674.045002
17457158.240751
17358862.6326057
69681220.6217969
17457158.240751
17211264.450395
17260484.4024315
34717725.2652114
1590806971.61114
86892629.485181
2211618737.17286
17653499.7199415
141326042.754407
424860300.86644
884389710.032525
17457158.240751
17506274.9153436
17506274.9153436
87678662.1077327
17408020.793682
826083151.446212
34324048.0369479
863022598.111808
174915399.129658
34816041.5873639
17457158.240751
17358862.6326057
1573497287.79512
69533766.8525753
88071261.6255905
17604445.7133461
17555370.7590152
2070783213.36156
17653499.7199415
106068097.321119
407255855.153094
866834339.27351
17555370.7590152
52617016.433374
17408020.793682
791217972.411779
17162024.0184739
17063481.9493695
828846352.997179
17457158.240751
139951965.973563
17408020.793682
1556187603.97911
52174904.2199696
70515890.8665753
2053129713.64162
88414597.6011774
17604445.7133461
372046963.726402
17506274.9153436
831772693.599151
35110741.5180304
17506274.9153436
34914316.481502
721340222.774182
17162024.0184739
17112763.1652601
777458802.648185
122445691.05822
1538877920.16309
17408020.793682
17408020.793682
52911445.1532292
2035476213.92168
17702532.7204314
17653499.7199415
35405065.4408629
17604445.7133461
336789018.293114
17604445.7133461
17555370.7590152
779057506.367774
17555370.7590152
17457158.240751
703833947.858839
17112763.1652601
51486072.0554218
691697943.409029
104939416.142876
17358862.6326057
69041937.6097261
34619367.6320321
1400548068.47271
35306999.439883
911007997.268174
697500637.045425
409265046.887651
17702532.7204314
17702532.7204314
17604445.7133461
283828540.139395
17653499.7199415
743799560.934486
17555370.7590152
35012549.8306872
633759752.353793
34324048.0369479
68845057.80158
17260484.4024315
571120652.35219
17260484.4024315
17457158.240751
69975982.9867817
51781453.2072946
17309683.8160161
17408020.793682
1365781185.04642
17653499.7199415
893305464.547742
71251111.5111649
17751544.656471
590746436.221318
391562514.167219
17702532.7204314
17653499.7199415
230819007.979081
17653499.7199415
17555370.7590152
673332745.022242
17653499.7199415
17506274.9153436
616204381.594778
17162024.0184739
51633793.351185
17211264.450395
536698123.451401
17457158.240751
35012549.8306872
34520968.804863
86695955.5298492
1261726366.88397
17702532.7204314
822397309.793937
35503089.3129419
53450576.0414247
35699010.2038887
35601070.9394803
501645819.608209
17751544.656471
17702532.7204314
338405904.069886
35503089.3129419
177613385.945707
655728299.308896
598649010.835763
34422528.90079
17309683.8160161
17211264.450395
484916690.782558
17506274.9153436
17260484.4024315
17309683.8160161
52027409.0812275
192126932.452493
1052191413.63779
804645765.137467
17751544.656471
17800535.4697402
17849505.1019444
17849505.1019444
17800535.4697402
197323289.588975
286473024.91729
320654359.413415
17751544.656471
17702532.7204314
142208320.504844
638123853.59555
17653499.7199415
510381533.24216
53009532.1603145
17211264.450395
17211264.450395
346390123.767276
104054818.162455
34668546.4486218
17408020.793682
157310890.865129
1034783392.84411
786894220.480996
179424836.094161
17947380.5901048
107194927.397405
17947380.5901048
35796906.9896279
89687975.855233
17800535.4697402
285102279.287204
17751544.656471
35601070.9394803
71104160.2524222
550003517.015629
70515890.8665753
17555370.7590152
70221483.0360608
405000233.733738
17653499.7199415
17702532.7204314
17211264.450395
311918374.91445
17358862.6326057
17309683.8160161
52076587.8978171
17309683.8160161
34914316.481502
17506274.9153436
17506274.9153436
69926866.3121891
1017375372.05043
159959822.85748
466484772.655233
142698080.311812
17898453.494814
125680548.514429
17947380.5901048
89345422.295461
17898453.494814
71740595.2651283
17800535.4697402
35503089.3129419
214047109.848051
17800535.4697402
17751544.656471
35601070.9394803
35356032.440373
17702532.7204314
479291452.134883
35306999.439883
17604445.7133461
52666112.2770456
387395788.020392
17211264.450395
17260484.4024315
260186141.659192
34717725.2652114
17457158.240751
17506274.9153436
17457158.240751
17506274.9153436
192618057.419688
34816041.5873639
772533252.249696
142208278.201009
448684237.185492
17849505.1019444
35601070.9394803
71446968.800647
17898453.494814
53842141.7703143
17996286.3295978
17996286.3295978
71495917.1935166
53793214.6750235
17751544.656471
196246574.37831
17800535.4697402
17702532.7204314
17751544.656471
443837374.75798
17653499.7199415
35110741.5180304
299177343.42728
70613998.8797661
17260484.4024315
225615973.440744
17358862.6326057
69926866.3121891
105234032.866748
17408020.793682
755076094.008945
106754200.824107
17702532.7204314
359191991.009001
71642741.0745467
17800535.4697402
53597463.6987027
35894761.1802095
53646412.0915723
35845834.0849187
17849505.1019444
17800535.4697402
142795998.336886
17751544.656471
408383297.381078
17555370.7590152
281572897.713934
17653499.7199415
35306999.439883
208306289.624728
52469708.0714381
70221483.0360608
17506274.9153436
17408020.793682
720210914.974512
17751544.656471
71251111.5111649
17849505.1019444
179620458.99394
17947380.5901048
125876192.828198
53744287.5797327
35747958.5967583
17947380.5901048
35796906.9896279
17898453.494814
124946493.234941
17751544.656471
372929220.004176
17555370.7590152
246413081.241573
17653499.7199415
190996605.808712
17457158.240751
17506274.9153436
52666112.2770456
685345735.940079
17408020.793682
17800535.4697402
17849505.1019444
17800535.4697402
143774624.909021
17947380.5901048
53988858.9887934
35992572.6591956
17947380.5901048
17947380.5901048
17898453.494814
17898453.494814
17898453.494814
17898453.494814
71300081.143369
17898453.494814
355226687.283744
228808635.528227
17309683.8160161
156377238.17668
35110741.5180304
17506274.9153436
458009807.847894
69779495.515935
122543882.745563
125876171.414207
35992572.6591956
17996286.3295978
53450576.0414247
337524154.563313
17555370.7590152
35306999.439883
70221483.0360608
88120336.5799214
34717725.2652114
17408020.793682
52076587.8978171
34816041.5873639
17555370.7590152
264262859.831102
141080835.739746
35110741.5180304
17408020.793682
34914316.481502
87482237.0712043
17555370.7590152
107928790.824102
17996286.3295978
17800535.4697402
17800535.4697402
17751544.656471
142502223.02233
159518842.228041
17653499.7199415
52666112.2770456
17604445.7133461
52911445.1532292
17358862.6326057
34717725.2652114
17408020.793682
246707489.072087
35306999.439883
17604445.7133461
70564944.8731707
17555370.7590152
17457158.240751
69975962.1558608
17947380.5901048
54037743.3142951
17996286.3295978
89100616.6131092
35601070.9394803
88512663.6021572
53254633.9694129
35110741.5180304
17604445.7133461
17653499.7199415
17358862.6326057
193943226.88638
35208891.4266923
17653499.7199415
17604445.7133461
35306999.439883
17555370.7590152
34914316.481502
17996286.3295978
18045170.6550996
71300081.143369
17800535.4697402
70810130.8817258
35503089.3129419
17555370.7590152
70417782.8533845
70613998.8797661
35306999.439883
17604445.7133461
17653499.7199415
17457158.240751
53499545.6736289
53107598.1612943
17751544.656471
52813337.1400384
52960499.1598246
17653499.7199415
35699010.2038887
35405065.4408629
35208891.4266923
35306999.439883
17849505.1019444
17702532.7204314
17604445.7133461
17653499.7199415
